This shows that it's a bad idea to try and mess with the shift constants of SFC.

~>> +<< rot FailsAt WorstResult
1   1   1   23
1   1   2   27
1   1   3   27
1   1   4   27
1   1   5   27
1   1   6   28      6.8e-22
1   1   7   10
1   2   1   23
1   2   2   28      2.6e-18
1   2   3   28      2.4e-21
1   2   4   27
1   2   5   28      1.3e-20
1   2   6   28      2.2e-20
1   2   7   10
1   3   1   23
1   3   2   28      0
1   3   3   28      3.6e-22
1   3   4   27
1   3   5   28      1.6e-22
1   3   6   28      3.9e-22
1   3   7   14
1   4   1   23
1   4   2   28      7.7e-21
1   4   3   15
1   4   4   25
1   4   5   28      5.2e-20
1   4   6   28      2.4e-22
1   4   7   13
1   5   1   23
1   5   2   28      2.1e-20
1   5   3   26
1   5   4   27
1   5   5   28      1.9e-18
1   5   6   28      1.2e-18
1   5   7   14
1   6   1   23
1   6   2   26
1   6   3   26
1   6   4   27
1   6   5   28      3.9e-23
1   6   6   28      4.6e-21
1   6   7   14
1   7   1   14
1   7   2   27
1   7   3   26
1   7   4   27
1   7   5   28      6.3e-36
1   7   6   28      4.7e-24
1   7   7   14
2   1   1   27
2   1   2   26
2   1   3   19
2   1   4   27
2   1   5   27
2   1   6   12
2   1   7   28      4.6e-45
2   2   1   28      1.3e-22
2   2   2   26
2   2   3   22
2   2   4   26
2   2   5   28      1.5e-19
2   2   6   10
2   2   7   28      2.6e-20
2   3   1   27
2   3   2   28      3.9e-22
2   3   3   19
2   3   4   28      5.5e-19
2   3   5   28      1.0e-18
2   3   6   16
2   3   7   28      1.6e-19
2   4   1   14
2   4   2   28      3.4e-19
2   4   3   18
2   4   4   25
2   4   5   28      3.1e-20
2   4   6   16
2   4   7   28      4.1e-19
2   5   1   28      2.0e-22
2   5   2   28      8.8e-20
2   5   3   28      4.1e-33
2   5   4   26
2   5   5   28      7.6e-27
2   5   6   16
2   5   7   28      2.8e-20
2   6   1   27
2   6   2   27
2   6   3   26
2   6   4   28      4.2e-20
2   6   5   27
2   6   6   16
2   6   7   28      1.7e-21
2   7   1   28      3.7e-43
2   7   2   27
2   7   3   26
2   7   4   27
2   7   5   28      3.3e-20
2   7   6   16
2   7   7   28      2.2e-20
3   1   1   27
3   1   2   19
3   1   3   18
3   1   4   25
3   1   5   13
3   1   6   27
3   1   7   27
3   2   1   28      8.1e-21
3   2   2   10
3   2   3   19
3   2   4   27
3   2   5   15
3   2   6   27
3   2   7   28      6.7e-22
3   3   1   28      1.3e-22
3   3   2   18
3   3   3   18
3   3   4   23
3   3   5   10
3   3   6   28      7.0e-21
3   3   7   28      4.8e-19
3   4   1   28      8.7e-22
3   4   2   18
3   4   3   19
3   4   4   24
3   4   5   18
3   4   6   27
3   4   7   27
3   5   1   25
3   5   2   18
3   5   3   24
3   5   4   26
3   5   5   17
3   5   6   28      1.3e-20
3   5   7   28      3.1e-27
3   6   1   25
3   6   2   27
3   6   3   15
3   6   4   23
3   6   5   19
3   6   6   27
3   6   7   27
3   7   1   28      6.2e-20
3   7   2   27
3   7   3   18
3   7   4   23
3   7   5   12
3   7   6   27
3   7   7   27
4   1   1   18
4   1   2   18
4   1   3   19
4   1   4   14
4   1   5   26
4   1   6   26
4   1   7   28      1.1e-59
4   2   1   10
4   2   2   19
4   2   3   18
4   2   4   13
4   2   5   28      6.2e-20
4   2   6   26
4   2   7   28      9.3e-20
4   3   1   19
4   3   2   19
4   3   3   14
4   3   4   16
4   3   5   15
4   3   6   28      0
4   3   7   28      3.0e-21
4   4   1   19
4   4   2   16
4   4   3   18
4   4   4   10
4   4   5   28      6.3e-21
4   4   6   26
4   4   7   28      8.4e-22
4   5   1   28      5.5e-22
4   5   2   24
4   5   3   25
4   5   4   16
4   5   5   25
4   5   6   28      2.9e-20
4   5   7   28      8.9e-19
4   6   1   25
4   6   2   25
4   6   3   25
4   6   4   16
4   6   5   27
4   6   6   25
4   6   7   28      7.0e-19
4   7   1   23
4   7   2   24
4   7   3   25
4   7   4   16
4   7   5   14
4   7   6   27
4   7   7   28      2.4e-20
5   1   1   21
5   1   2   18
5   1   3   16
5   1   4   18
5   1   5   19
5   1   6   21
5   1   7   28      2.3e-19
5   2   1   18
5   2   2   18
5   2   3   18
5   2   4   19
5   2   5   19
5   2   6   22
5   2   7   28      4.7e-21
5   3   1   20
5   3   2   19
5   3   3   18
5   3   4   18
5   3   5   19
5   3   6   19
5   3   7   28      4.9e-21
5   4   1   19
5   4   2   18
5   4   3   19
5   4   4   18
5   4   5   28      7.6e-19
5   4   6   25
5   4   7   28      9.5e-20
5   5   1   16
5   5   2   16
5   5   3   10
5   5   4   10
5   5   5   18
5   5   6   19
5   5   7   28      2.6e-21
5   6   1   26
5   6   2   25
5   6   3   25
5   6   4   24
5   6   5   27
5   6   6   27
5   6   7   27
5   7   1   24
5   7   2   24
5   7   3   25
5   7   4   12
5   7   5   27
5   7   6   26
5   7   7   26
6   1   1   24
6   1   2   18
6   1   3   19
6   1   4   19
6   1   5   19
6   1   6   26
6   1   7   28      3.1e-22
6   2   1   21
6   2   2   16
6   2   3   19
6   2   4   17
6   2   5   19
6   2   6   28      0
6   2   7   28      9.8e-20
6   3   1   20
6   3   2   14
6   3   3   19
6   3   4   20
6   3   5   17
6   3   6   27
6   3   7   27
6   4   1   18
6   4   2   17
6   4   3   20
6   4   4   16
6   4   5   19
6   4   6   25
6   4   7   12
6   5   1   14
6   5   2   16
6   5   3   16
6   5   4   24
6   5   5   26
6   5   6   28      2.7e-20
6   5   7   24
6   6   1   15
6   6   2   10
6   6   3   27
6   6   4   22
6   6   5   18
6   6   6   23
6   6   7   26
6   7   1   17
6   7   2   21
6   7   3   26
6   7   4   21
6   7   5   26
6   7   6   27
6   7   7   24
7   1   1   20
7   1   2   21
7   1   3   16
7   1   4   19
7   1   5   25
7   1   6   23
7   1   7   25
7   2   1   22
7   2   2   18
7   2   3   19
7   2   4   14
7   2   5   28      3.3e-20
7   2   6   27
7   2   7   28      1.1e-19
7   3   1   20
7   3   2   20
7   3   3   21
7   3   4   15
7   3   5   25
7   3   6   28      2.9e-20
7   3   7   24
7   4   1   18
7   4   2   18
7   4   3   19
7   4   4   18
7   4   5   27
7   4   6   25
7   4   7   25
7   5   1   16
7   5   2   16
7   5   3   15
7   5   4   21
7   5   5   25
7   5   6   28      7.4e-21
7   5   7   25
7   6   1   15
7   6   2   15
7   6   3   25
7   6   4   21
7   6   5   24
7   6   6   26
7   6   7   25
7   7   1   10
7   7   2   27
7   7   3   25
7   7   4   20
7   7   5   27
7   7   6   26
7   7   7   24
